{
  "advancedEditorSelectedIdentifier" : "ProjectBrowser",
  "openSceneRelativePaths" : [
    "Immersive.usda",
    "Fireball.usda",
    "Saturn.usda"
  ],
  "recentIdentifiers" : {
    "F078B6E6-188B-4214-A23A-B50CDBAC7298" : [

    ]
  },
  "sceneCameraHistory" : {
    "8BD35D29-83D6-4B6D-A88A-EF046D5C5AB2" : [
      {
        "date" : 734079359.064934,
        "title" : "Untitled",
        "transform" : [
          1,
          0,
          -0,
          0,
          -0,
          0.8660253,
          -0.50000006,
          0,
          0,
          0.50000006,
          0.8660253,
          0,
          0,
          0.21227287,
          0.36766744,
          1
        ]
      }
    ],
    "67C0F56A-5D09-469A-BB01-2DF2AC6F276B" : [
      {
        "date" : 735316749.586194,
        "title" : "Untitled",
        "transform" : [
          -0.21337888,
          -3.4147503e-09,
          -0.9769694,
          0,
          -0.35630926,
          0.93112165,
          0.077821136,
          0,
          0.9096775,
          0.3647087,
          -0.19868173,
          0,
          0.065321654,
          0.021768788,
          -0.017627027,
          1
        ]
      },
      {
        "date" : 735316746.548887,
        "title" : "Untitled",
        "transform" : [
          -0.16207072,
          -4.674243e-10,
          -0.9867791,
          0,
          -0.6045704,
          0.7903384,
          0.09929595,
          0,
          0.77988946,
          0.6126704,
          -0.12809075,
          0,
          0.057379574,
          0.03995634,
          -0.012750935,
          1
        ]
      },
      {
        "date" : 735316744.439815,
        "title" : "Untitled",
        "transform" : [
          -0.16207072,
          -4.674243e-10,
          -0.9867791,
          0,
          -0.6045704,
          0.7903384,
          0.09929595,
          0,
          0.77988946,
          0.6126704,
          -0.12809075,
          0,
          0.09691477,
          0.06748672,
          -0.021536477,
          1
        ]
      },
      {
        "date" : 735298127.022591,
        "title" : "Untitled",
        "transform" : [
          -0.16207072,
          -4.674243e-10,
          -0.9867791,
          0,
          -0.6045704,
          0.7903384,
          0.09929595,
          0,
          0.77988946,
          0.6126704,
          -0.12809075,
          0,
          0.32926357,
          0.25866488,
          -0.054078963,
          1
        ]
      },
      {
        "date" : 735298123.272049,
        "title" : "Untitled",
        "transform" : [
          0.99729216,
          2.3645201e-09,
          0.07354038,
          0,
          0.0545201,
          0.67110455,
          -0.73935527,
          0,
          -0.049353294,
          0.74136263,
          0.6692874,
          0,
          -0.020836594,
          0.3129978,
          0.2825682,
          1
        ]
      },
      {
        "date" : 735298094.774434,
        "title" : "Untitled",
        "transform" : [
          0.99999994,
          0,
          -0,
          0,
          -0,
          0.8660254,
          -0.49999994,
          0,
          0,
          0.49999994,
          0.8660254,
          0,
          0,
          0.21109624,
          0.3656295,
          1
        ]
      }
    ],
    "AF09ED6F-1707-48FD-8720-65B998362C09" : [
      {
        "date" : 734079326.219835,
        "title" : "Untitled",
        "transform" : [
          0.99999994,
          0,
          -0,
          0,
          -0,
          0.86602575,
          -0.49999943,
          0,
          0,
          0.49999943,
          0.86602575,
          0,
          0,
          3.7026637,
          4.2958627,
          1
        ]
      }
    ],
    "DC4C068B-319C-415B-A574-044BAC1A0700" : [
      {
        "date" : 734495251.789294,
        "title" : "Untitled",
        "transform" : [
          0.9980396,
          -1.986429e-08,
          -0.062585324,
          0,
          -0.008559535,
          0.9906034,
          -0.13649806,
          0,
          0.061997235,
          0.13676617,
          0.98866135,
          0,
          0.019046815,
          0.117674105,
          0.23269002,
          1
        ]
      },
      {
        "date" : 734162956.86563,
        "title" : "Untitled",
        "transform" : [
          0.9980396,
          -1.986429e-08,
          -0.062585324,
          0,
          -0.008559535,
          0.9906034,
          -0.13649806,
          0,
          0.061997235,
          0.13676617,
          0.98866135,
          0,
          0.027232006,
          0.16824345,
          0.3326864,
          1
        ]
      },
      {
        "date" : 734162953.682877,
        "title" : "Untitled",
        "transform" : [
          0.9980396,
          -1.986429e-08,
          -0.062585324,
          0,
          -0.008559535,
          0.9906034,
          -0.13649806,
          0,
          0.061997235,
          0.13676617,
          0.98866135,
          0,
          0.047959775,
          0.23882782,
          0.36721545,
          1
        ]
      },
      {
        "date" : 734162950.100468,
        "title" : "Untitled",
        "transform" : [
          0.9980396,
          -1.986429e-08,
          -0.062585324,
          0,
          -0.008559535,
          0.9906034,
          -0.13649806,
          0,
          0.061997235,
          0.13676617,
          0.98866135,
          0,
          0.010469645,
          0.018155389,
          0.1617935,
          1
        ]
      },
      {
        "date" : 734162727.565934,
        "title" : "Untitled",
        "transform" : [
          0.9980396,
          -1.986429e-08,
          -0.062585324,
          0,
          -0.008559535,
          0.9906034,
          -0.13649806,
          0,
          0.061997235,
          0.13676617,
          0.98866135,
          0,
          0.13619873,
          0.09143769,
          0.5951551,
          1
        ]
      },
      {
        "date" : 734162667.548718,
        "title" : "Untitled",
        "transform" : [
          0.9980396,
          -1.986429e-08,
          -0.062585324,
          0,
          -0.008559535,
          0.9906034,
          -0.13649806,
          0,
          0.061997235,
          0.13676617,
          0.98866135,
          0,
          0.14659792,
          0.20874281,
          1.7726729,
          1
        ]
      },
      {
        "date" : 734162665.881674,
        "title" : "Untitled",
        "transform" : [
          0.9980396,
          -1.986429e-08,
          -0.062585324,
          0,
          -0.008559535,
          0.9906034,
          -0.13649806,
          0,
          0.061997235,
          0.13676617,
          0.98866135,
          0,
          0.11492222,
          0.19928785,
          1.7759671,
          1
        ]
      },
      {
        "date" : 734162658.912237,
        "title" : "Untitled",
        "transform" : [
          0.9980396,
          -1.986429e-08,
          -0.062585324,
          0,
          -0.008559535,
          0.9906034,
          -0.13649806,
          0,
          0.061997235,
          0.13676617,
          0.98866135,
          0,
          0.19071855,
          0.33072707,
          2.9472966,
          1
        ]
      },
      {
        "date" : 734162650.433008,
        "title" : "Untitled",
        "transform" : [
          0.9980396,
          -1.986429e-08,
          -0.062585324,
          0,
          -0.008559535,
          0.9906034,
          -0.13649806,
          0,
          0.061997235,
          0.13676617,
          0.98866135,
          0,
          0.047534794,
          0.082430586,
          0.73458576,
          1
        ]
      },
      {
        "date" : 734162569.312038,
        "title" : "Untitled",
        "transform" : [
          0.9980396,
          -1.986429e-08,
          -0.062585324,
          0,
          -0.008559535,
          0.9906034,
          -0.13649806,
          0,
          0.061997235,
          0.13676617,
          0.98866135,
          0,
          0.040537655,
          0.07029677,
          0.6264545,
          1
        ]
      }
    ],
    "F078B6E6-188B-4214-A23A-B50CDBAC7298" : [
      {
        "date" : 735298073.011349,
        "title" : "Untitled",
        "transform" : [
          0.98390454,
          3.7693752e-08,
          0.17869455,
          0,
          0.09195544,
          0.8574329,
          -0.5063131,
          0,
          -0.1532186,
          0.5145957,
          0.84363216,
          0,
          0.01800904,
          0.034952283,
          0.13289689,
          1
        ]
      },
      {
        "date" : 735298040.587753,
        "title" : "Untitled",
        "transform" : [
          0.99612296,
          2.4460778e-08,
          -0.08797195,
          0,
          -0.08665024,
          0.17269188,
          -0.98115706,
          0,
          0.015192013,
          0.9849759,
          0.17202234,
          0,
          0.32368964,
          0.8332824,
          0.372015,
          1
        ]
      },
      {
        "date" : 735298036.912091,
        "title" : "Untitled",
        "transform" : [
          0.99612296,
          2.4460778e-08,
          -0.08797195,
          0,
          -0.08665024,
          0.17269188,
          -0.98115706,
          0,
          0.015192013,
          0.9849759,
          0.17202234,
          0,
          -0.09626486,
          0.7787834,
          0.7211565,
          1
        ]
      },
      {
        "date" : 735297963.362194,
        "title" : "Untitled",
        "transform" : [
          0.9955039,
          1.8625698e-08,
          -0.09472083,
          0,
          -0.021236612,
          0.9745427,
          -0.22319402,
          0,
          0.092309475,
          0.2242021,
          0.970161,
          0,
          0.024606964,
          0.047928657,
          0.54141694,
          1
        ]
      },
      {
        "date" : 735297527.20371,
        "title" : "Untitled",
        "transform" : [
          0.915355,
          2.6405313e-09,
          -0.40264776,
          0,
          -0.26958567,
          0.742783,
          -0.6128597,
          0,
          0.2990799,
          0.6695323,
          0.6799101,
          0,
          0.15717275,
          0.3229926,
          0.37980157,
          1
        ]
      },
      {
        "date" : 735297441.661804,
        "title" : "Untitled",
        "transform" : [
          0.92685705,
          2.487484e-08,
          -0.3754145,
          0,
          0.0035850825,
          0.9999544,
          0.008851233,
          0,
          0.37539732,
          -0.009549717,
          0.92681473,
          0,
          0.18724558,
          -0.040201697,
          0.48641506,
          1
        ]
      },
      {
        "date" : 735297439.552386,
        "title" : "Untitled",
        "transform" : [
          0.9268572,
          2.4874844e-08,
          -0.37541455,
          0,
          0.003585083,
          0.9999545,
          0.008851234,
          0,
          0.37539738,
          -0.009549718,
          0.92681485,
          0,
          0.19576673,
          -0.00498024,
          0.48332655,
          1
        ]
      },
      {
        "date" : 734495284.040507,
        "title" : "Untitled",
        "transform" : [
          0.5635533,
          2.4353344e-08,
          -0.8260798,
          0,
          -0.82557654,
          0.03489963,
          -0.56320995,
          0,
          0.028829837,
          0.99939084,
          0.019667838,
          0,
          0.04704964,
          1.63097,
          0.032097414,
          1
        ]
      },
      {
        "date" : 734495280.740706,
        "title" : "Untitled",
        "transform" : [
          1,
          0,
          0,
          0,
          0,
          0.8660253,
          -0.5000001,
          0,
          0,
          0.5000001,
          0.8660253,
          0,
          0,
          0.13503139,
          0.23388126,
          1
        ]
      },
      {
        "date" : 734495268.540891,
        "title" : "Untitled",
        "transform" : [
          1,
          0,
          -0,
          0,
          -0,
          0.8660253,
          -0.5000001,
          0,
          0,
          0.5000001,
          0.8660253,
          0,
          0,
          0.29445937,
          0.51001865,
          1
        ]
      }
    ]
  },
  "selectedSceneRelativePath" : "Saturn.usda"
}