{
  "advancedEditorSelectedIdentifier" : "ProjectBrowser",
  "openSceneRelativePaths" : [
    "Immersive.usda",
    "Fireball.usda"
  ],
  "recentIdentifiers" : {

  },
  "sceneCameraHistory" : {
    "8BD35D29-83D6-4B6D-A88A-EF046D5C5AB2" : [
      {
        "date" : 734079359.064934,
        "title" : "Untitled",
        "transform" : [
          1,
          0,
          -0,
          0,
          -0,
          0.8660253,
          -0.50000006,
          0,
          0,
          0.50000006,
          0.8660253,
          0,
          0,
          0.21227287,
          0.36766744,
          1
        ]
      }
    ],
    "AF09ED6F-1707-48FD-8720-65B998362C09" : [
      {
        "date" : 734079326.219835,
        "title" : "Untitled",
        "transform" : [
          0.99999994,
          0,
          -0,
          0,
          -0,
          0.86602575,
          -0.49999943,
          0,
          0,
          0.49999943,
          0.86602575,
          0,
          0,
          3.7026637,
          4.2958627,
          1
        ]
      }
    ],
    "DC4C068B-319C-415B-A574-044BAC1A0700" : [
      {
        "date" : 734162956.86563,
        "title" : "Untitled",
        "transform" : [
          0.9980396,
          -1.986429e-08,
          -0.062585324,
          0,
          -0.008559535,
          0.9906034,
          -0.13649806,
          0,
          0.061997235,
          0.13676617,
          0.98866135,
          0,
          0.027232006,
          0.16824345,
          0.3326864,
          1
        ]
      },
      {
        "date" : 734162953.682877,
        "title" : "Untitled",
        "transform" : [
          0.9980396,
          -1.986429e-08,
          -0.062585324,
          0,
          -0.008559535,
          0.9906034,
          -0.13649806,
          0,
          0.061997235,
          0.13676617,
          0.98866135,
          0,
          0.047959775,
          0.23882782,
          0.36721545,
          1
        ]
      },
      {
        "date" : 734162950.100468,
        "title" : "Untitled",
        "transform" : [
          0.9980396,
          -1.986429e-08,
          -0.062585324,
          0,
          -0.008559535,
          0.9906034,
          -0.13649806,
          0,
          0.061997235,
          0.13676617,
          0.98866135,
          0,
          0.010469645,
          0.018155389,
          0.1617935,
          1
        ]
      },
      {
        "date" : 734162727.565934,
        "title" : "Untitled",
        "transform" : [
          0.9980396,
          -1.986429e-08,
          -0.062585324,
          0,
          -0.008559535,
          0.9906034,
          -0.13649806,
          0,
          0.061997235,
          0.13676617,
          0.98866135,
          0,
          0.13619873,
          0.09143769,
          0.5951551,
          1
        ]
      },
      {
        "date" : 734162667.548718,
        "title" : "Untitled",
        "transform" : [
          0.9980396,
          -1.986429e-08,
          -0.062585324,
          0,
          -0.008559535,
          0.9906034,
          -0.13649806,
          0,
          0.061997235,
          0.13676617,
          0.98866135,
          0,
          0.14659792,
          0.20874281,
          1.7726729,
          1
        ]
      },
      {
        "date" : 734162665.881674,
        "title" : "Untitled",
        "transform" : [
          0.9980396,
          -1.986429e-08,
          -0.062585324,
          0,
          -0.008559535,
          0.9906034,
          -0.13649806,
          0,
          0.061997235,
          0.13676617,
          0.98866135,
          0,
          0.11492222,
          0.19928785,
          1.7759671,
          1
        ]
      },
      {
        "date" : 734162658.912237,
        "title" : "Untitled",
        "transform" : [
          0.9980396,
          -1.986429e-08,
          -0.062585324,
          0,
          -0.008559535,
          0.9906034,
          -0.13649806,
          0,
          0.061997235,
          0.13676617,
          0.98866135,
          0,
          0.19071855,
          0.33072707,
          2.9472966,
          1
        ]
      },
      {
        "date" : 734162650.433008,
        "title" : "Untitled",
        "transform" : [
          0.9980396,
          -1.986429e-08,
          -0.062585324,
          0,
          -0.008559535,
          0.9906034,
          -0.13649806,
          0,
          0.061997235,
          0.13676617,
          0.98866135,
          0,
          0.047534794,
          0.082430586,
          0.73458576,
          1
        ]
      },
      {
        "date" : 734162569.312038,
        "title" : "Untitled",
        "transform" : [
          0.9980396,
          -1.986429e-08,
          -0.062585324,
          0,
          -0.008559535,
          0.9906034,
          -0.13649806,
          0,
          0.061997235,
          0.13676617,
          0.98866135,
          0,
          0.040537655,
          0.07029677,
          0.6264545,
          1
        ]
      },
      {
        "date" : 734162567.366972,
        "title" : "Untitled",
        "transform" : [
          0.9980396,
          -1.986429e-08,
          -0.062585324,
          0,
          -0.008559535,
          0.9906034,
          -0.13649806,
          0,
          0.061997235,
          0.13676617,
          0.98866135,
          0,
          0.010469615,
          0.01815547,
          0.16179371,
          1
        ]
      }
    ]
  },
  "selectedSceneRelativePath" : "Fireball.usda"
}